13730
873 538 990 955 228 882 465 957 801 971 726 638 134 17 893 933 565 857 377 828 393 301 653 650 575 872 42 735 462 450 160 721 131 251 242 705 846 840 865 568 869 437 111 529 975 19 316 35 515 362 683 938 590 746 468 232 108 47 595 945 454 361 850 905 912 501 49 965 460 
155 493 150 966 589 467 328 236 781 101 1000 115 946 256 977 343 815 187 110 319 135 703 812 446 208 522 313 555 754 116 799 233 827 311 898 26 326 8 261 516 209 776 563 53 880 215 441 853 433 604 918 214 263 610 246 412 297 932 461 981 886 56 859 793 724 432 816 380 476 532 
231 157 198 164 607 550 808 220 185 44 904 81 768 504 403 490 626 810 837 331 411 513 978 534 585 486 711 369 890 792 644 544 819 605 247 335 479 813 841 576 693 72 118 629 924 767 371 345 292 123 387 920 654 526 491 646 608 832 666 245 100 796 129 858 908 679 102 871 94 601 358 189 314 
79 404 496 593 889 716 438 388 210 68 782 420 401 686 896 98 216 419 950 197 430 114 346 453 883 664 55 914 743 949 963 73 315 671 569 237 843 373 75 947 696 640 619 12 728 958 736 43 269 421 334 39 818 637 27 678 674 809 913 903 540 669 970 107 988 870 
76 336 602 657 365 969 762 349 290 625 709 366 338 93 159 802 592 204 329 689 495 257 194 759 586 298 459 582 897 59 771 357 469 464 551 137 154 489 951 192 168 596 521 742 280 541 126 737 500 474 364 821 665 787 755 800 399 849 390 941 384 200 323 375 714 910 270 615 104 
868 725 553 993 477 392 825 854 267 463 48 413 546 730 733 291 344 60 458 428 591 397 281 797 804 572 156 86 409 900 239 830 95 860 959 562 113 571 122 417 690 980 88 71 317 906 539 196 77 617 353 499 234 32 772 517 630 708 613 14 995 525 785 542 697 82 322 429 960 
954 741 202 383 770 774 176 25 41 40 527 677 356 826 798 940 359 457 925 277 45 930 974 769 578 133 190 22 680 70 484 661 5 505 761 835 574 46 635 852 845 416 276 718 179 642 235 673 442 249 698 875 817 372 466 514 811 299 519 807 639 749 144 964 720 426 533 621 318 939 350 
4 37 863 54 141 447 727 436 506 894 778 374 11 559 624 732 520 3 699 670 944 806 34 402 275 327 775 395 961 449 279 28 643 64 250 119 13 748 560 67 23 152 691 989 507 451 191 788 378 139 713 149 992 558 485 21 265 649 354 452 471 641 672 777 333 240 244 985 
839 258 537 405 165 125 147 29 510 243 203 127 367 124 264 892 583 512 734 805 52 822 997 347 876 700 763 548 181 425 756 112 783 2 253 956 581 33 325 180 844 153 738 18 473 307 448 117 687 599 97 911 682 368 982 823 704 659 487 398 148 445 
498 337 723 891 151 105 212 294 69 136 355 547 917 631 272 838 15 91 289 207 549 302 786 887 10 99 57 483 861 66 324 833 509 953 909 967 295 652 130 422 51 692 470 921 694 927 300 764 266 523 396 757 518 922 330 655 268 780 878 834 556 931 847 999 
976 408 385 363 648 554 535 719 645 478 162 6 831 497 84 213 61 16 1 296 482 597 814 391 753 381 972 750 710 996 439 304 752 923 628 623 174 229 564 306 712 795 528 62 146 400 186 456 480 80 285 552 984 758 899 987 175 63 303 979 936 688 660 241 
158 30 87 651 656 862 341 864 262 418 765 760 120 339 668 937 536 321 188 968 675 143 226 455 855 879 352 435 766 747 406 612 779 211 320 794 745 784 707 271 410 172 305 587 332 171 376 370 739 252 287 634 278 182 427 109 916 90 598 935 902 92 622 820 530 
588 492 543 24 9 998 184 223 907 717 856 255 31 636 614 415 284 744 503 881 715 259 919 288 85 273 183 488 205 620 594 230 103 74 789 50 217 173 308 96 163 351 167 524 83 282 178 973 161 472 443 836 618 731 89 867 219 983 663 600 609 
877 138 431 573 7 224 901 681 132 751 803 895 502 145 293 221 170 606 475 342 633 986 790 577 423 511 310 218 195 584 494 201 701 740 791 283 915 706 611 20 38 603 885 260 386 874 58 414 627 962 36 340 206 238 952 222 65 685 389 177 991 166 545 360 
444 824 531 866 508 942 128 424 647 851 580 570 567 926 943 928 722 379 884 667 407 140 676 382 658 695 729 227 142 440 225 934 557 616 274 566 78 702 193 121 434 106 309 994 312 662 286 948 773 929 481 842 829 888 254 199 248 579 632 169 394 848 684 561 348 
