22890
113 203 368 199 103 453 478 494 387 221 189 372 42 390 382 91 148 226 155 348 422 312 223 414 347 152 499 353 304 296 493 257 276 254 130 36 386 183 3 464 237 297 383 114 391 207 394 100 295 
255 180 80 18 298 168 170 153 320 289 33 110 336 156 483 417 217 117 12 228 367 269 145 173 141 279 430 454 32 244 302 405 245 450 333 319 209 96 484 274 191 77 39 285 384 2 
17 17 136 373 219 121 300 174 303 181 128 35 446 131 385 37 99 15 97 376 111 482 138 374 429 299 250 206 50 490 421 346 362 252 334 365 132 179 104 432 163 426 371 267 101 147 89 439 
287 29 328 108 134 366 335 88 194 70 447 291 412 125 139 263 462 78 449 338 411 197 26 256 241 30 162 451 344 63 404 46 337 281 137 94 144 79 428 10 473 109 444 115 21 413 171 146 239 55 166 448 
17 143 64 420 234 395 261 106 306 66 142 492 436 282 288 229 476 188 57 196 290 62 34 214 471 159 317 481 240 9 262 72 190 230 202 380 192 83 472 220 445 249 195 480 431 258 423 52 273 268 169 93 314 56 
158 11 452 242 165 84 60 133 211 351 224 74 389 27 45 22 186 243 331 377 379 8 329 398 213 157 407 342 364 105 187 325 456 442 216 271 246 378 13 149 280 479 6 310 270 19 107 178 369 402 440 
17 17 424 318 409 463 140 396 370 253 345 498 283 47 71 176 459 415 388 16 465 193 433 184 324 437 321 232 427 73 120 485 356 7 238 488 266 466 340 354 363 307 112 416 126 177 81 119 53 58 49 349 205 
185 474 69 477 293 397 98 311 92 40 278 218 322 135 332 360 399 487 151 28 122 497 495 127 227 434 43 305 392 469 233 352 68 123 313 210 90 154 225 31 198 124 301 231 393 286 455 323 358 457 172 23 
277 265 284 204 51 164 359 350 500 361 200 425 489 82 294 272 25 87 208 410 247 41 260 496 222 14 327 435 375 264 24 460 76 67 408 48 182 251 248 167 275 441 357 461 161 235 438 150 
308 143 341 54 486 491 419 38 61 75 292 458 212 316 44 65 118 406 418 400 201 160 315 401 468 59 1 467 443 116 381 215 355 403 343 86 236 326 20 4 5 309 175 470 475 339 95 
