33165
588 277 652 604 567 44 549 683 148 541 504 494 153 523 405 545 655 431 173 380 13 488 637 511 455 30 382 133 100 694 630 11 35 24 558 690 297 29 384 292 158 347 538 373 43 375 639 657 317 500 53 528 132 659 388 326 147 396 466 99 7 101 182 342 221 156 246 501 553 678 
263 130 565 597 72 9 590 679 648 302 686 3 515 10 643 632 651 448 103 194 614 95 654 111 281 310 463 135 428 644 437 91 288 309 262 41 356 633 502 482 616 15 546 192 134 663 21 458 174 160 12 484 496 555 362 674 82 2 672 467 627 254 498 214 298 638 296 
653 586 433 162 141 216 121 284 36 213 593 287 469 330 180 548 231 223 634 16 335 503 512 278 631 60 253 204 249 570 579 533 25 353 32 260 208 562 181 685 74 610 98 224 123 421 572 622 621 486 578 137 647 120 115 272 442 196 6 176 20 77 520 349 
314 38 209 587 650 175 144 491 417 432 140 307 274 620 226 493 354 419 343 282 526 530 312 454 27 257 378 386 261 440 485 110 618 603 697 418 507 186 576 589 270 129 244 524 311 67 525 241 189 571 128 206 536 107 102 394 94 424 323 410 537 692 113 519 
577 608 139 426 76 665 629 66 116 623 351 212 199 387 566 150 441 465 178 59 247 635 368 303 127 92 397 163 52 33 239 40 190 365 487 321 366 168 402 547 464 475 236 390 700 229 641 71 218 472 374 85 191 228 119 680 560 580 28 625 275 146 227 8 470 50 
564 225 522 318 684 315 131 177 125 612 79 235 615 628 551 561 483 108 439 250 514 611 355 393 339 664 319 258 245 444 582 436 69 478 508 377 238 90 157 495 143 399 563 649 271 532 462 391 232 86 222 161 457 78 358 185 1 324 691 305 
693 601 527 681 398 290 427 329 640 149 552 105 592 19 550 626 613 265 80 96 126 516 350 645 210 449 217 322 453 369 42 698 252 403 594 203 510 240 333 138 70 243 65 385 294 574 573 671 256 395 154 513 406 438 57 34 211 489 
316 367 357 667 605 165 237 195 183 17 268 346 334 300 392 521 306 539 422 14 159 480 471 75 416 332 677 676 219 23 506 58 497 544 695 56 617 435 255 207 97 114 62 370 51 22 412 531 169 404 345 474 668 540 434 481 429 
381 93 389 215 554 559 170 606 55 112 18 661 45 585 407 372 607 151 49 352 230 200 348 361 308 666 415 83 581 459 233 63 451 689 468 687 673 267 106 364 171 109 295 84 26 359 569 670 39 289 535 456 166 
61 609 656 543 152 336 338 48 286 450 164 234 172 242 619 299 490 557 47 266 602 505 401 534 291 81 344 4 325 477 646 598 556 492 89 509 360 31 37 340 662 285 202 313 46 320 642 669 363 499 452 293 188 
460 337 584 264 423 87 408 273 122 88 155 276 696 279 269 379 411 430 104 699 443 124 341 179 167 409 201 220 688 54 64 198 675 68 205 636 568 259 446 142 425 118 596 595 
660 304 197 542 251 583 145 248 479 575 383 413 328 187 136 327 461 301 658 283 473 624 445 420 371 414 682 518 73 517 529 117 476 447 331 376 600 193 280 5 184 591 400 599 
