45880
185 113 203 368 129 234 395 350 306 320 289 33 74 336 27 372 42 25 87 12 228 8 329 226 155 496 471 159 317 14 43 305 392 499 353 296 206 68 337 460 313 210 90 154 182 36 386 183 231 393 104 177 323 77 39 391 235 438 172 448 23 
287 424 29 341 293 477 261 106 133 478 88 194 70 75 291 412 35 288 446 131 385 243 331 377 99 418 91 148 338 260 214 141 407 434 414 327 240 451 72 7 493 76 421 408 450 333 13 149 280 248 167 326 416 432 81 119 53 55 166 402 2 
158 11 452 242 108 359 121 300 38 396 370 253 389 332 483 47 71 176 118 122 415 388 15 398 213 422 312 342 437 321 232 435 375 299 63 302 137 94 144 246 83 472 378 252 198 132 179 310 237 413 163 171 146 457 369 95 
474 69 330 102 397 98 170 153 494 387 492 425 489 82 45 44 316 65 462 188 57 379 196 400 97 193 433 222 482 256 468 32 250 257 442 490 245 215 67 346 362 31 195 480 307 115 4 5 270 19 107 239 285 384 339 89 439 
17 284 204 80 18 165 134 168 453 66 500 40 278 218 322 189 156 128 487 417 217 117 390 459 410 290 201 411 315 197 26 454 429 9 73 120 485 190 230 271 192 355 466 445 249 334 6 236 258 423 52 273 268 426 175 470 101 349 150 
308 180 143 199 409 60 361 142 420 110 447 498 229 272 28 78 208 497 495 127 227 111 401 364 105 187 325 304 456 50 380 48 225 10 354 363 3 20 441 357 169 161 49 147 56 
255 64 318 219 486 491 419 351 61 345 399 125 22 186 406 16 465 348 184 279 430 138 241 427 244 216 356 443 116 381 488 266 130 403 209 96 484 274 455 309 461 178 394 100 295 
136 51 164 103 463 140 211 200 181 135 458 360 294 263 382 367 247 41 34 157 324 481 30 59 233 352 404 46 281 202 276 220 319 473 365 124 301 112 286 191 383 114 314 475 205 
277 85 54 298 311 92 303 292 283 139 476 37 376 269 145 173 223 347 152 344 262 264 24 123 79 428 340 343 109 444 275 126 297 358 58 440 
265 259 328 373 84 366 335 174 224 221 436 282 212 151 449 62 160 374 469 162 1 467 405 238 254 251 86 479 431 464 21 371 207 93 267 
