7360
877 337 725 363 990 955 228 882 465 220 267 647 338 93 84 213 893 926 321 857 377 828 393 301 653 792 759 42 10 435 450 160 721 131 251 242 761 72 557 594 230 568 845 947 776 611 521 111 529 975 19 316 35 515 524 500 646 662 286 590 746 468 232 108 47 595 987 888 361 63 850 905 867 935 902 501 49 965 985 
839 79 404 656 862 150 966 589 176 328 236 957 781 101 1000 717 946 580 559 343 815 513 583 512 319 135 703 812 446 208 226 680 70 754 116 799 233 827 205 833 225 13 748 560 581 23 209 596 563 53 123 422 215 62 309 958 186 683 938 414 973 287 929 481 829 655 731 724 102 979 556 107 988 870 
976 498 741 202 405 607 550 825 942 44 904 81 768 504 403 490 626 810 730 331 61 838 296 284 379 486 711 369 890 650 544 887 750 605 247 335 279 28 112 562 551 113 571 283 915 564 789 306 696 640 173 130 317 906 920 654 526 491 386 874 58 739 666 245 100 796 129 708 443 238 859 793 89 910 322 166 999 
158 30 408 824 493 573 164 593 889 438 388 210 68 782 366 401 120 339 668 272 344 978 342 430 114 346 453 883 664 55 86 409 949 963 73 315 671 898 464 509 489 951 852 784 702 50 217 292 20 38 351 51 400 378 473 43 269 421 764 266 800 634 278 842 922 678 674 639 303 871 816 394 92 970 148 348 
954 87 651 431 198 657 365 969 762 349 290 971 726 677 115 851 127 367 31 411 606 1 3 329 689 495 257 391 804 423 382 700 582 897 59 643 756 841 576 705 119 137 154 840 865 74 416 271 410 795 742 280 541 126 788 260 474 364 821 665 787 755 246 36 297 427 254 916 714 540 270 615 104 
444 868 588 553 723 866 716 185 765 760 48 413 546 896 837 733 291 565 458 428 591 397 281 797 381 972 156 511 763 239 830 227 311 440 623 791 373 909 690 980 88 71 387 692 470 376 617 282 178 234 32 772 517 630 899 330 175 525 785 144 964 704 169 429 960 445 
4 538 383 770 774 392 808 25 41 40 709 420 826 798 256 940 359 457 925 277 614 415 45 930 974 769 578 133 190 22 676 879 352 710 5 505 64 959 835 574 46 8 924 192 707 325 434 507 718 191 167 18 604 918 214 698 875 817 372 466 932 811 299 519 807 199 248 579 912 991 240 847 660 241 
873 537 37 863 54 141 447 727 436 506 894 356 497 159 624 124 732 16 187 943 699 944 806 34 790 822 644 455 855 484 661 996 183 425 494 201 701 740 320 229 566 78 152 691 989 528 853 171 736 139 263 992 558 485 182 941 265 649 200 323 452 471 641 177 426 533 621 244 609 
76 336 385 993 477 125 147 29 510 243 502 145 570 567 264 892 110 734 805 52 207 715 259 872 819 735 900 273 548 181 304 612 469 628 2 253 956 75 345 276 106 587 332 433 456 480 448 117 687 599 97 911 945 384 368 982 542 848 487 398 460 530 
258 602 496 891 151 105 212 294 69 136 355 547 831 856 255 221 170 15 475 928 722 597 667 753 275 327 586 298 459 57 483 861 66 324 693 846 635 67 516 967 295 437 619 305 642 994 921 694 353 300 334 610 818 472 27 461 981 14 354 268 780 697 834 659 684 561 
231 157 492 543 554 535 719 645 478 162 527 11 977 802 933 419 91 585 197 814 549 194 140 919 288 658 695 439 357 783 620 118 629 706 652 172 451 163 539 312 307 499 552 984 758 514 836 886 56 809 908 679 823 82 936 820 360 
138 531 224 508 854 801 424 778 374 134 631 937 536 482 744 986 143 775 395 961 449 813 95 860 779 26 326 616 274 745 168 193 121 12 179 146 196 83 927 80 252 161 399 849 390 858 952 222 749 432 672 777 622 318 939 350 
155 7 24 9 998 184 223 907 638 917 293 636 204 534 633 503 881 302 575 997 347 876 99 766 747 406 142 250 174 953 103 767 308 96 738 235 673 442 249 285 523 396 757 518 613 109 375 903 878 632 219 983 333 94 600 532 
648 165 467 681 132 751 803 895 686 98 216 520 950 670 289 884 402 522 313 914 462 479 218 195 488 752 923 237 843 261 417 371 712 180 880 603 885 362 77 608 832 149 627 962 412 637 206 682 618 65 685 389 720 663 931 601 358 189 688 
341 864 262 901 418 128 625 6 463 203 17 592 60 188 968 675 407 577 786 572 555 743 85 310 729 584 771 569 211 934 794 122 33 869 844 153 441 728 737 370 713 948 39 773 340 21 454 995 913 90 598 669 380 476 545 314 
