20671
17 259 328 234 165 84 60 361 142 61 336 498 283 47 71 176 331 377 8 329 226 155 214 471 159 317 347 152 499 353 296 24 460 405 381 276 408 378 252 195 480 431 275 441 77 39 391 235 147 448 23 
287 29 64 341 293 134 168 106 133 211 370 253 292 458 360 229 272 385 390 87 122 99 418 91 290 62 34 496 141 223 43 241 32 120 304 50 490 245 215 67 246 428 149 280 248 6 484 21 191 177 81 119 53 58 394 100 2 
265 284 452 51 164 359 121 300 38 396 289 33 110 322 189 156 483 417 217 117 28 78 208 16 465 213 157 312 324 437 321 232 435 375 299 63 404 46 264 94 90 83 472 220 445 198 132 464 237 413 171 146 457 369 402 440 
185 474 69 330 102 397 98 170 153 320 194 181 135 82 212 44 379 196 400 201 411 222 26 240 451 250 206 68 337 123 137 210 192 266 466 340 209 96 3 20 4 5 270 19 107 239 285 384 339 89 439 
308 180 80 18 298 463 140 478 494 278 218 221 436 332 45 22 476 65 462 188 382 415 15 97 376 433 434 430 454 429 9 73 72 190 230 202 380 154 225 31 251 86 236 258 423 52 273 268 426 371 55 349 150 
255 203 477 199 395 453 500 387 70 389 27 294 131 25 12 228 497 495 127 227 407 342 414 364 105 187 325 456 442 493 238 488 346 362 10 354 363 479 179 104 432 163 207 169 93 166 205 
136 368 318 54 486 491 419 351 492 345 399 125 139 263 57 449 41 260 160 422 184 197 401 327 427 244 302 281 271 254 130 36 386 183 231 416 309 314 161 475 95 
277 424 204 373 219 409 350 311 92 200 425 489 74 128 35 487 316 186 243 459 410 247 398 348 111 138 392 162 469 233 352 257 216 421 355 319 249 334 365 124 301 115 393 286 455 323 358 175 470 49 172 295 
113 85 242 108 420 366 306 66 174 303 447 282 288 446 151 37 388 367 269 145 173 315 482 256 305 30 344 262 485 356 7 76 144 79 48 182 403 343 307 167 326 126 297 383 114 267 
158 11 143 129 103 261 335 88 40 224 75 291 412 372 42 118 406 148 338 193 279 14 481 468 374 59 1 467 443 116 313 450 333 13 473 109 444 310 274 112 357 461 178 101 438 56 
