17654
577 304 264 567 590 683 148 541 504 494 248 628 551 545 655 431 383 306 13 151 312 454 511 397 348 52 33 239 11 35 24 558 690 420 29 507 292 201 616 43 375 639 657 317 21 641 114 62 376 571 128 466 99 7 101 182 342 221 6 540 434 481 305 
61 381 601 527 681 398 72 9 336 237 302 686 3 515 620 346 632 651 448 103 194 614 95 654 111 14 127 27 257 378 644 217 322 288 309 262 41 356 633 502 168 353 32 546 192 134 663 458 174 160 12 484 496 555 362 674 82 2 672 467 406 275 498 214 1 324 470 349 
460 337 584 656 315 87 165 338 612 79 235 112 493 330 180 548 231 223 187 136 350 393 335 339 75 437 258 81 344 249 570 579 533 682 508 377 238 90 562 267 117 74 610 340 224 123 421 572 193 232 578 161 647 120 115 272 442 359 358 185 501 34 211 489 
588 93 389 215 554 131 141 679 648 48 286 153 523 405 334 300 392 282 526 530 422 299 230 200 30 664 100 694 631 444 445 4 477 186 598 689 373 129 244 524 311 138 563 241 189 636 573 486 536 107 394 94 424 323 410 537 692 400 429 
564 225 608 139 597 665 629 177 125 284 36 213 593 268 226 387 566 150 441 613 178 59 247 635 611 355 92 401 512 91 40 190 618 487 321 366 482 402 547 529 89 435 700 229 447 528 132 659 85 191 228 680 28 625 670 499 452 678 599 
653 586 277 652 604 587 650 559 417 552 615 287 469 561 483 108 439 250 490 557 488 634 16 645 210 534 440 485 110 676 436 384 478 220 203 260 157 495 143 106 364 271 532 462 326 147 396 222 137 642 580 627 438 57 591 293 456 166 
316 367 357 667 290 427 329 116 623 122 88 105 592 354 626 696 265 80 96 126 281 327 159 455 163 449 630 453 369 42 297 418 371 63 451 688 54 510 240 333 399 70 243 649 218 370 388 313 259 26 513 474 668 146 298 553 296 
263 522 318 684 76 152 549 640 149 583 145 10 18 661 45 343 619 413 49 47 266 411 602 480 471 283 416 332 677 204 603 697 219 403 506 58 497 544 695 56 208 255 476 67 525 331 472 294 574 622 621 206 169 404 345 156 246 20 77 596 
609 197 605 408 121 195 183 17 199 19 550 419 585 407 372 607 303 310 463 135 428 133 278 308 666 415 83 581 459 233 23 25 347 556 617 475 236 390 207 37 65 171 109 391 119 84 560 154 669 363 227 8 638 520 595 
660 38 209 423 162 175 144 491 170 606 55 164 234 172 242 173 539 368 516 352 505 503 382 319 361 245 60 253 365 325 69 646 576 589 270 15 64 687 673 181 97 71 662 285 374 600 22 412 531 671 46 320 102 78 254 5 184 113 519 
314 433 543 542 66 251 140 307 274 450 155 276 465 279 269 379 328 430 104 386 261 443 124 341 179 167 409 518 73 517 492 509 675 500 53 205 202 568 86 256 395 39 446 142 425 118 691 50 
693 130 565 426 44 216 273 432 351 212 643 479 575 521 380 514 637 461 301 658 699 291 473 624 582 698 252 414 158 594 538 468 464 198 360 31 685 68 98 385 51 295 280 457 196 569 176 289 535 188 
